# Columns: (1) atomic number; (2) Element; (3) isotope-average binding
# energy per nucleon; (4) mass number
1 H      0       1
2 H      1.112   2
3 H      2.827   3
3 He     2.573   3
4 He     7.074   4
6 Li     5.332   6
7 Li     5.606   7
9 Be     6.463   9
10 B     6.475   10
11 B     6.928   11
12 C     7.68    12
13 C     7.47    13
14 N     7.476   14
16 O     7.976   16
19 F     7.779   19
20 Ne    8.032   20
23 Na    8.111   23
24 Mg    8.261   24
27 Al    8.332   27
28 Si    8.448   28
31 P     8.481   31
32 S     8.493   32
35 Cl    8.52    35
37 Cl    8.57    37
39 K     8.557   39
40 Ar    8.595   40
40 Ca    8.551   40
45 Sc    8.619   45
48 Ti    8.723   48
51 V     8.742   51
52 Cr    8.776   52
55 Mn    8.765   55
56 Fe    8.79    56
58 Ni    8.732   58
59 Co    8.768   59
60 Ni    8.781   60
63 Cu    8.752   63
64 Zn    8.736   64
65 Cu    8.757   65
66 Zn    8.76    66
68 Zn    8.756   68
68 Ga    8.701   68
70 Ge    8.722   70
71 Ga    8.718   71
72 Ge    8.732   72
74 Ge    8.725   74
75 As    8.701   75
78 Se    8.718   78
79 Br    8.688   79
80 Se    8.711   80
81 Br    8.696   81
84 Kr    8.717   84
85 Rb    8.697   85
86 Kr    8.712   86
87 Rb    8.711   87
88 Sr    8.733   88
90 Zr    8.71    90
93 Nb    8.664   93
94 Zr    8.667   94
95 Mo    8.649   95
96 Mo    8.654   96
98 Mo    8.635   98
98 Tc    8.61    98
102 Ru   8.607   102
103 Rh   8.584   103
105 Pd   8.571   105
106 Pd   8.58    106
107 Ag   8.554   107
108 Pd   8.567   108
109 Ag   8.548   109
112 Cd   8.545   112
114 Cd   8.532   114
115 In   8.517   115
118 Sn   8.517   118
120 Sn   8.505   120
121 Sb   8.482   121
123 Sb   8.472   123
127 I    8.445   127
128 Te   8.449   128
129 Xe   8.431   129
130 Te   8.43    130
131 Xe   8.424   131
132 Xe   8.428   132
133 Cs   8.41    133
138 Ba   8.393   138
139 La   8.378   139
140 Ce   8.376   140
141 Pr   8.354   141
142 Nd   8.346   142
144 Nd   8.327   144
145 Pm   8.303   145
151 Eu   8.239   151
152 Sm   8.244   152
153 Eu   8.229   153
154 Sm   8.227   154
156 Gd   8.215   156
158 Gd   8.202   158
159 Tb   8.189   159
160 Gd   8.183   160
162 Dy   8.173   162
163 Dy   8.162   163
164 Dy   8.159   164
165 Ho   8.147   165
166 Er   8.142   166
167 Er   8.132   167
168 Er   8.13    168
169 Tm   8.115   169
172 Yb   8.097   172
175 Lu   8.069   175
178 Hf   8.049   178
180 Hf   8.035   180
181 Ta   8.023   181
182 W    8.018   182
184 W    8.005   184
185 Re   7.991   185
186 W    7.989   186
187 Re   7.978   187
190 Os   7.962   190
191 Ir   7.948   191
191 Ir   7.948   191
192 Os   7.949   192
193 Ir   7.938   193
193 Ir   7.938   193
194 Pt   7.936   194
195 Pt   7.927   195
196 Pt   7.927   196
197 Au   7.916   197
200 Hg   7.906   200
202 Hg   7.897   202
203 Tl   7.886   203
205 Tl   7.878   205
206 Pb   7.875   206
208 Pb   7.867   208
209 Bi   7.848   209
209 Po   7.835   209
210 At   7.812   210
222 Rn   7.694   222
223 Fr   7.684   223
226 Ra   7.662   226
227 Ac   7.651   227
231 Pa   7.618   231
232 Th   7.615   232
235 U    7.591   235
238 U    7.57    238
