      2505.00    0.0674380
      2510.00    0.0578010
      2515.00    0.0462590
      2520.00    0.0426630
      2525.00    0.0432810
      2530.00    0.0536700
      2535.00    0.0571710
      2540.00    0.0547610
      2545.00    0.0611820
      2550.00    0.0725060
      2555.00    0.0773340
      2560.00    0.0855470
      2565.00     0.108902
      2570.00     0.113589
      2575.00    0.0954420
      2580.00    0.0968040
      2585.00     0.105142
      2590.00     0.103484
      2595.00    0.0862460
      2600.00    0.0745900
      2605.00    0.0756600
      2610.00    0.0759320
      2615.00    0.0879470
      2620.00    0.0885510
      2625.00    0.0883950
      2630.00     0.118978
      2635.00     0.169675
      2640.00     0.203102
      2645.00     0.198938
      2650.00     0.201401
      2655.00     0.215336
      2660.00     0.195814
      2665.00     0.193099
      2670.00     0.198108
      2675.00     0.198876
      2680.00     0.193597
      2685.00     0.191595
      2690.00     0.187079
      2695.00     0.195851
      2700.00     0.215186
      2705.00     0.210582
      2710.00     0.190872
      2715.00     0.171855
      2720.00     0.164583
      2725.00     0.177746
      2730.00     0.182985
      2735.00     0.150350
      2740.00     0.113138
      2745.00     0.113127
      2750.00     0.126528
      2755.00     0.150211
      2760.00     0.173404
      2765.00     0.186507
      2770.00     0.185088
      2775.00     0.169270
      2780.00     0.144415
      2785.00     0.112572
      2790.00    0.0814710
      2795.00    0.0642160
      2800.00    0.0683090
      2805.00    0.0945590
      2810.00     0.141763
      2815.00     0.207705
      2820.00     0.233992
      2825.00     0.241362
      2830.00     0.253482
      2835.00     0.252607
      2840.00     0.226975
      2845.00     0.184778
      2850.00     0.154452
      2855.00     0.201063
      2860.00     0.267310
      2865.00     0.282227
      2870.00     0.275517
      2875.00     0.254723
      2880.00     0.257774
      2885.00     0.291041
      2890.00     0.334444
      2895.00     0.388703
      2900.00     0.424669
      2905.00     0.424073
      2910.00     0.426398
      2915.00     0.418218
      2920.00     0.377330
      2925.00     0.354312
      2930.00     0.373991
      2935.00     0.383679
      2940.00     0.382696
      2945.00     0.381364
      2950.00     0.390959
      2955.00     0.416000
      2960.00     0.406363
      2965.00     0.378680
      2970.00     0.382577
      2975.00     0.405115
      2980.00     0.350858
      2985.00     0.339080
      2990.00     0.374040
      2995.00     0.348391
      3000.00     0.320704
      3005.00     0.338474
      3010.00     0.362653
      3015.00     0.351320
      3020.00     0.368990
      3025.00     0.410833
      3030.00     0.418436
      3035.00     0.403738
      3040.00     0.400521
      3045.00     0.422772
      3050.00     0.427858
      3055.00     0.390675
      3060.00     0.373078
      3065.00     0.389638
      3070.00     0.412671
      3075.00     0.414131
      3080.00     0.430875
      3085.00     0.418031
      3090.00     0.379276
      3095.00     0.362530
      3100.00     0.397051
      3105.00     0.453191
      3110.00     0.480605
      3115.00     0.445338
      3120.00     0.437473
      3125.00     0.451929
      3130.00     0.461578
      3135.00     0.482881
      3140.00     0.466413
      3145.00     0.454633
      3150.00     0.473821
      3155.00     0.426804
      3160.00     0.419335
      3165.00     0.447083
      3170.00     0.479407
      3175.00     0.483705
      3180.00     0.474049
      3185.00     0.485540
      3190.00     0.495954
      3195.00     0.499796
      3200.00     0.501583
      3205.00     0.509994
      3210.00     0.509620
      3215.00     0.489238
      3220.00     0.461661
      3225.00     0.442885
      3230.00     0.437582
      3235.00     0.446677
      3240.00     0.467419
      3245.00     0.495586
      3250.00     0.524756
      3255.00     0.549590
      3260.00     0.571263
      3265.00     0.588246
      3270.00     0.581663
      3275.00     0.542814
      3280.00     0.521059
      3285.00     0.559120
      3290.00     0.615125
      3295.00     0.639373
      3300.00     0.635448
      3305.00     0.619625
      3310.00     0.605645
      3315.00     0.601932
      3320.00     0.598174
      3325.00     0.584747
      3330.00     0.573511
      3335.00     0.577131
      3340.00     0.590006
      3345.00     0.602043
      3350.00     0.603449
      3355.00     0.588465
      3360.00     0.567190
      3365.00     0.552562
      3370.00     0.553023
      3375.00     0.571205
      3380.00     0.591006
      3385.00     0.597570
      3390.00     0.599794
      3395.00     0.607907
      3400.00     0.613729
      3405.00     0.608487
      3410.00     0.599428
      3415.00     0.595427
      3420.00     0.595829
      3425.00     0.595814
      3430.00     0.583420
      3435.00     0.552600
      3440.00     0.528107
      3445.00     0.533273
      3450.00     0.554955
      3455.00     0.573838
      3460.00     0.582398
      3465.00     0.578571
      3470.00     0.570350
      3475.00     0.565020
      3480.00     0.556988
      3485.00     0.542475
      3490.00     0.537862
      3495.00     0.558347
      3500.00     0.594240
      3505.00     0.628852
      3510.00     0.632886
      3515.00     0.633869
      3520.00     0.613593
      3525.00     0.602357
      3530.00     0.632452
      3535.00     0.667326
      3540.00     0.692441
      3545.00     0.699947
      3550.00     0.691917
      3555.00     0.672512
      3560.00     0.653196
      3565.00     0.606736
      3570.00     0.568848
      3575.00     0.559368
      3580.00     0.533106
      3585.00     0.523671
      3590.00     0.578738
      3595.00     0.637899
      3600.00     0.645352
      3605.00     0.609220
      3610.00     0.589087
      3615.00     0.593502
      3620.00     0.604145
      3625.00     0.652563
      3630.00     0.641650
      3635.00     0.627726
      3640.00     0.659137
      3645.00     0.647718
      3650.00     0.660711
      3655.00     0.720012
      3660.00     0.752523
      3665.00     0.735084
      3670.00     0.721806
      3675.00     0.717303
      3680.00     0.693549
      3685.00     0.688931
      3690.00     0.715419
      3695.00     0.749788
      3700.00     0.755747
      3705.00     0.699201
      3710.00     0.712225
      3715.00     0.755263
      3720.00     0.697129
      3725.00     0.694685
      3730.00     0.680221
      3735.00     0.617619
      3740.00     0.661031
      3745.00     0.638726
      3750.00     0.636003
      3755.00     0.725330
      3760.00     0.730933
      3765.00     0.727740
      3770.00     0.734488
      3775.00     0.814688
      3780.00     0.892520
      3785.00     0.870207
      3790.00     0.780048
      3795.00     0.716195
      3800.00     0.757742
      3805.00     0.858166
      3810.00     0.880305
      3815.00     0.811577
      3820.00     0.744364
      3825.00     0.661876
      3830.00     0.580742
      3835.00     0.541778
      3840.00     0.633223
      3845.00     0.785888
      3850.00     0.854830
      3855.00     0.838804
      3860.00     0.827294
      3865.00     0.866535
      3870.00     0.835858
      3875.00     0.806391
      3880.00     0.765985
      3885.00     0.695439
      3890.00     0.697541
      3895.00     0.787172
      3900.00     0.832700
      3905.00     0.850010
      3910.00     0.892656
      3915.00     0.886501
      3920.00     0.812053
      3925.00     0.662171
      3930.00     0.445226
      3935.00     0.406642
      3940.00     0.590085
      3945.00     0.752813
      3950.00     0.842795
      3955.00     0.840250
      3960.00     0.714722
      3965.00     0.505333
      3970.00     0.470777
      3975.00     0.690722
      3980.00     0.888680
      3985.00     0.971723
      3990.00      1.01182
      3995.00      1.02977
      4000.00      1.04229
      4005.00      1.04513
      4010.00      1.07011
      4015.00      1.08973
      4020.00      1.10219
      4025.00      1.09832
      4030.00      1.06059
      4035.00      1.07034
      4040.00      1.08230
      4045.00      1.04246
      4050.00      1.06027
      4055.00      1.04079
      4060.00      1.01711
      4065.00      1.01507
      4070.00      1.02307
      4075.00      1.01309
      4080.00      1.02878
      4085.00      1.07159
      4090.00      1.07171
      4095.00     0.976245
      4100.00     0.867453
      4105.00     0.919711
      4110.00      1.02804
      4115.00      1.08413
      4120.00      1.08803
      4125.00      1.08155
      4130.00      1.06989
      4135.00      1.09372
      4140.00      1.11524
      4145.00      1.10564
      4150.00      1.09556
      4155.00      1.08304
      4160.00      1.11412
      4165.00      1.12369
      4170.00      1.07043
      4175.00      1.04075
      4180.00      1.05851
      4185.00      1.06951
      4190.00      1.08653
      4195.00      1.06662
      4200.00      1.04175
      4205.00      1.07322
      4210.00      1.10823
      4215.00      1.10402
      4220.00      1.07763
      4225.00      1.01161
      4230.00      1.03902
      4235.00      1.04866
      4240.00      1.05653
      4245.00      1.05602
      4250.00      1.05253
      4255.00      1.05952
      4260.00      1.05401
      4265.00      1.06492
      4270.00      1.02224
      4275.00      1.02576
      4280.00      1.04261
      4285.00      1.00786
      4290.00     0.969023
      4295.00     0.929497
      4300.00     0.846559
      4305.00     0.818600
      4310.00     0.869609
      4315.00      1.00448
      4320.00      1.05269
      4325.00      1.01579
      4330.00      1.03004
      4335.00     0.963924
      4340.00     0.858933
      4345.00     0.936890
      4350.00      1.01652
      4355.00      1.06870
      4360.00      1.11961
      4365.00      1.14127
      4370.00      1.11273
      4375.00      1.08834
      4380.00      1.05257
      4385.00      1.01376
      4390.00      1.05452
      4395.00      1.08511
      4400.00      1.08576
      4405.00      1.08065
      4410.00      1.10851
      4415.00      1.12290
      4420.00      1.14164
      4425.00      1.14268
      4430.00      1.13389
      4435.00      1.12307
      4440.00      1.13419
      4445.00      1.13442
      4450.00      1.12587
      4455.00      1.08288
      4460.00      1.07779
      4465.00      1.10864
      4470.00      1.14569
      4475.00      1.17482
      4480.00      1.14888
      4485.00      1.15525
      4490.00      1.15588
      4495.00      1.16879
      4500.00      1.20479
      4505.00      1.22834
      4510.00      1.21328
      4515.00      1.18874
      4520.00      1.16230
      4525.00      1.11056
      4530.00      1.08457
      4535.00      1.12582
      4540.00      1.15727
      4545.00      1.12921
      4550.00      1.10601
      4555.00      1.13794
      4560.00      1.16679
      4565.00      1.17007
      4570.00      1.17972
      4575.00      1.17728
      4580.00      1.14138
      4585.00      1.13257
      4590.00      1.14031
      4595.00      1.14031
      4600.00      1.14029
      4605.00      1.16198
      4610.00      1.17157
      4615.00      1.16053
      4620.00      1.16902
      4625.00      1.17119
      4630.00      1.16053
      4635.00      1.14666
      4640.00      1.13879
      4645.00      1.12182
      4650.00      1.12350
      4655.00      1.14263
      4660.00      1.14695
      4665.00      1.09724
      4670.00      1.11054
      4675.00      1.14095
      4680.00      1.13693
      4685.00      1.14897
      4690.00      1.14542
      4695.00      1.13907
      4700.00      1.10072
      4705.00      1.09106
      4710.00      1.11199
      4715.00      1.14373
      4720.00      1.16122
      4725.00      1.14572
      4730.00      1.11535
      4735.00      1.12614
      4740.00      1.14415
      4745.00      1.15379
      4750.00      1.13621
      4755.00      1.12201
      4760.00      1.11746
      4765.00      1.11015
      4770.00      1.13459
      4775.00      1.16119
      4780.00      1.15773
      4785.00      1.12960
      4790.00      1.13865
      4795.00      1.15260
      4800.00      1.13832
      4805.00      1.13221
      4810.00      1.14598
      4815.00      1.16343
      4820.00      1.14914
      4825.00      1.12682
      4830.00      1.12018
      4835.00      1.11814
      4840.00      1.10736
      4845.00      1.09600
      4850.00      1.06111
      4855.00     0.970846
      4860.00     0.880294
      4865.00     0.902783
      4870.00     0.956295
      4875.00      1.01691
      4880.00      1.05728
      4885.00      1.06308
      4890.00      1.07003
      4895.00      1.10533
      4900.00      1.12080
      4905.00      1.12472
      4910.00      1.11079
      4915.00      1.09637
      4920.00      1.06601
      4925.00      1.08607
      4930.00      1.09864
      4935.00      1.09263
      4940.00      1.09816
      4945.00      1.11755
      4950.00      1.12613
      4955.00      1.10835
      4960.00      1.11075
      4965.00      1.11241
      4970.00      1.11953
      4975.00      1.11238
      4980.00      1.07031
      4985.00      1.06668
      4990.00      1.07930
      4995.00      1.07849
      5000.00      1.06300
      5005.00      1.04304
      5010.00      1.04062
      5015.00      1.02259
      5020.00      1.03209
      5025.00      1.04530
      5030.00      1.06771
      5035.00      1.06028
      5040.00      1.04129
      5045.00      1.06029
      5050.00      1.06615
      5055.00      1.08637
      5060.00      1.09232
      5065.00      1.08204
      5070.00      1.07163
      5075.00      1.05455
      5080.00      1.04580
      5085.00      1.06742
      5090.00      1.07990
      5095.00      1.07224
      5100.00      1.06114
      5105.00      1.05901
      5110.00      1.06764
      5115.00      1.08630
      5120.00      1.07682
      5125.00      1.05849
      5130.00      1.05031
      5135.00      1.03755
      5140.00      1.02902
      5145.00      1.03123
      5150.00      1.03651
      5155.00      1.04088
      5160.00      1.02883
      5165.00     0.969580
      5170.00     0.942723
      5175.00     0.969324
      5180.00     0.969038
      5185.00     0.970526
      5190.00     0.987482
      5195.00      1.00434
      5200.00      1.02057
      5205.00      1.02076
      5210.00      1.02954
      5215.00      1.03041
      5220.00      1.03472
      5225.00      1.00919
      5230.00      1.01236
      5235.00      1.02461
      5240.00      1.04141
      5245.00      1.04153
      5250.00      1.03960
      5255.00      1.03919
      5260.00      1.00829
      5265.00     0.963471
      5270.00     0.955589
      5275.00     0.977753
      5280.00      1.00489
      5285.00      1.03047
      5290.00      1.05007
      5295.00      1.03836
      5300.00      1.03674
      5305.00      1.04462
      5310.00      1.05384
      5315.00      1.05149
      5320.00      1.03020
      5325.00     0.997442
      5330.00     0.993674
      5335.00      1.00671
      5340.00      1.01291
      5345.00      1.01786
      5350.00      1.03081
      5355.00      1.04860
      5360.00      1.03765
      5365.00      1.01798
      5370.00      1.01076
      5375.00      1.02241
      5380.00      1.02563
      5385.00      1.02804
      5390.00      1.01926
      5395.00      1.00524
      5400.00     0.991156
      5405.00     0.980087
      5410.00     0.988076
      5415.00      1.00293
      5420.00      1.00905
      5425.00      1.01172
      5430.00      1.00992
      5435.00      1.01292
      5440.00      1.02204
      5445.00      1.01806
      5450.00      1.01894
      5455.00      1.01182
      5460.00      1.01774
      5465.00      1.01545
      5470.00      1.01158
      5475.00     0.999188
      5480.00      1.00134
      5485.00      1.01147
      5490.00      1.01630
      5495.00      1.01173
      5500.00      1.00996
      5505.00      1.01140
      5510.00      1.01317
      5515.00      1.01971
      5520.00      1.02171
      5525.00      1.00915
      5530.00      1.00505
      5535.00      1.00622
      5540.00      1.01755
      5545.00      1.02147
      5550.00      1.02276
      5555.00      1.01154
      5560.00      1.00575
      5565.00     0.996429
      5570.00     0.991080
      5575.00     0.992579
      5580.00     0.991698
      5585.00     0.974662
      5590.00     0.969650
      5595.00     0.965486
      5600.00     0.967162
      5605.00     0.986792
      5610.00     0.990156
      5615.00     0.979090
      5620.00     0.981909
      5625.00     0.979987
      5630.00     0.986801
      5635.00     0.982245
      5640.00     0.978091
      5645.00     0.977677
      5650.00     0.967778
      5655.00     0.952852
      5660.00     0.947926
      5665.00     0.955038
      5670.00     0.969097
      5675.00     0.978297
      5680.00     0.970408
      5685.00     0.960408
      5690.00     0.961514
      5695.00     0.962210
      5700.00     0.960124
      5705.00     0.949258
      5710.00     0.941215
      5715.00     0.954862
      5720.00     0.969010
      5725.00     0.978152
      5730.00     0.980201
      5735.00     0.979344
      5740.00     0.974202
      5745.00     0.970270
      5750.00     0.962779
      5755.00     0.963663
      5760.00     0.967152
      5765.00     0.969902
      5770.00     0.969900
      5775.00     0.962610
      5780.00     0.951536
      5785.00     0.945795
      5790.00     0.947342
      5795.00     0.952496
      5800.00     0.959524
      5805.00     0.958024
      5810.00     0.957598
      5815.00     0.963795
      5820.00     0.967820
      5825.00     0.967007
      5830.00     0.966518
      5835.00     0.970564
      5840.00     0.972319
      5845.00     0.965624
      5850.00     0.955749
      5855.00     0.942946
      5860.00     0.940226
      5865.00     0.948476
      5870.00     0.957860
      5875.00     0.958534
      5880.00     0.948416
      5885.00     0.921672
      5890.00     0.886758
      5895.00     0.886330
      5900.00     0.914840
      5905.00     0.937627
      5910.00     0.941104
      5915.00     0.942074
      5920.00     0.946135
      5925.00     0.937942
      5930.00     0.931576
      5935.00     0.937764
      5940.00     0.936069
      5945.00     0.928162
      5950.00     0.923997
      5955.00     0.928559
      5960.00     0.932289
      5965.00     0.938068
      5970.00     0.936288
      5975.00     0.926149
      5980.00     0.915585
      5985.00     0.911172
      5990.00     0.914657
      5995.00     0.914372
      6000.00     0.911101
      6005.00     0.901583
      6010.00     0.899191
      6015.00     0.897967
      6020.00     0.896057
      6025.00     0.900149
      6030.00     0.903944
      6035.00     0.908939
      6040.00     0.908296
      6045.00     0.913395
      6050.00     0.912812
      6055.00     0.908636
      6060.00     0.908582
      6065.00     0.905968
      6070.00     0.913926
      6075.00     0.905190
      6080.00     0.894838
      6085.00     0.892501
      6090.00     0.894457
      6095.00     0.889104
      6100.00     0.871754
      6105.00     0.877549
      6110.00     0.892563
      6115.00     0.886295
      6120.00     0.875503
      6125.00     0.878064
      6130.00     0.874426
      6135.00     0.856287
      6140.00     0.858633
      6145.00     0.869658
      6150.00     0.869487
      6155.00     0.856856
      6160.00     0.837969
      6165.00     0.840636
      6170.00     0.849201
      6175.00     0.866830
      6180.00     0.873524
      6185.00     0.868348
      6190.00     0.863007
      6195.00     0.874793
      6200.00     0.878350
      6205.00     0.880425
      6210.00     0.873093
      6215.00     0.861324
      6220.00     0.862380
      6225.00     0.861679
      6230.00     0.850435
      6235.00     0.850515
      6240.00     0.847588
      6245.00     0.840261
      6250.00     0.842501
      6255.00     0.837216
      6260.00     0.844910
      6265.00     0.850407
      6270.00     0.854282
      6275.00     0.839874
      6280.00     0.826876
      6285.00     0.846970
      6290.00     0.851483
      6295.00     0.841535
      6300.00     0.831468
      6305.00     0.839836
      6310.00     0.840408
      6315.00     0.826353
      6320.00     0.830315
      6325.00     0.848811
      6330.00     0.849030
      6335.00     0.838628
      6340.00     0.836579
      6345.00     0.839063
      6350.00     0.842390
      6355.00     0.834390
      6360.00     0.830104
      6365.00     0.837018
      6370.00     0.842734
      6375.00     0.846614
      6380.00     0.842628
      6385.00     0.840633
      6390.00     0.834737
      6395.00     0.827535
      6400.00     0.827049
      6405.00     0.828198
      6410.00     0.823375
      6415.00     0.821369
      6420.00     0.824626
      6425.00     0.831535
      6430.00     0.826243
      6435.00     0.827930
      6440.00     0.831309
      6445.00     0.829109
      6450.00     0.818313
      6455.00     0.812377
      6460.00     0.811292
      6465.00     0.817018
      6470.00     0.820623
      6475.00     0.821504
      6480.00     0.821900
      6485.00     0.819622
      6490.00     0.801365
      6495.00     0.788290
      6500.00     0.812931
      6505.00     0.832271
      6510.00     0.829867
      6515.00     0.817593
      6520.00     0.824527
      6525.00     0.827833
      6530.00     0.825946
      6535.00     0.825842
      6540.00     0.817173
      6545.00     0.800370
      6550.00     0.775148
      6555.00     0.718246
      6560.00     0.629180
      6565.00     0.663811
      6570.00     0.749334
      6575.00     0.789232
      6580.00     0.802575
      6585.00     0.803541
      6590.00     0.798708
      6595.00     0.801593
      6600.00     0.814639
      6605.00     0.814645
      6610.00     0.813643
      6615.00     0.817813
      6620.00     0.817516
      6625.00     0.811726
      6630.00     0.799714
      6635.00     0.798344
      6640.00     0.799846
      6645.00     0.796572
      6650.00     0.798990
      6655.00     0.796543
      6660.00     0.789418
      6665.00     0.788621
      6670.00     0.791845
      6675.00     0.786303
      6680.00     0.788209
      6685.00     0.791718
      6690.00     0.791880
      6695.00     0.787935
      6700.00     0.786189
      6705.00     0.780269
      6710.00     0.775714
      6715.00     0.770101
      6720.00     0.770869
      6725.00     0.778052
      6730.00     0.781838
      6735.00     0.778237
      6740.00     0.773260
      6745.00     0.770740
      6750.00     0.767907
      6755.00     0.774114
      6760.00     0.774872
      6765.00     0.773069
      6770.00     0.770694
      6775.00     0.771408
      6780.00     0.770022
      6785.00     0.766224
      6790.00     0.768392
      6795.00     0.768473
      6800.00     0.768446
      6805.00     0.765217
      6810.00     0.765888
      6815.00     0.765146
      6820.00     0.761435
      6825.00     0.760273
      6830.00     0.755224
      6835.00     0.750681
      6840.00     0.749857
      6845.00     0.749032
      6850.00     0.748208
      6855.00     0.747383
      6860.00     0.746559
      6865.00     0.745734
      6870.00     0.744910
      6875.00     0.744085
      6880.00     0.743261
      6885.00     0.742436
      6890.00     0.741612
      6895.00     0.740787
      6900.00     0.739963
      6905.00     0.739138
      6910.00     0.738314
      6915.00     0.737489
      6920.00     0.736665
      6925.00     0.735840
      6930.00     0.735016
      6935.00     0.734191
      6940.00     0.733366
      6945.00     0.732542
      6950.00     0.731717
      6955.00     0.730893
      6960.00     0.730068
      6965.00     0.729244
      6970.00     0.728419
      6975.00     0.727595
      6980.00     0.727471
      6985.00     0.734492
      6990.00     0.729498
      6995.00     0.729777
      7000.00     0.720778
      7005.00     0.709922
      7010.00     0.720470
      7015.00     0.713788
      7020.00     0.711538
      7025.00     0.708554
      7030.00     0.713075
      7035.00     0.713304
      7040.00     0.715898
      7045.00     0.724128
      7050.00     0.721070
      7055.00     0.715651
      7060.00     0.716704
      7065.00     0.713998
      7070.00     0.716213
      7075.00     0.720042
      7080.00     0.714922
      7085.00     0.711083
      7090.00     0.711748
      7095.00     0.712455
      7100.00     0.711395
      7105.00     0.713381
      7110.00     0.706262
      7115.00     0.707145
      7120.00     0.708142
      7125.00     0.710755
      7130.00     0.711619
      7135.00     0.711997
      7140.00     0.706207
      7145.00     0.700071
      7150.00     0.704561
      7155.00     0.709672
      7160.00     0.701784
      7165.00     0.690127
      7170.00     0.686051
      7175.00     0.680610
      7180.00     0.677380
      7185.00     0.664890
      7190.00     0.662594
      7195.00     0.669716
      7200.00     0.672050
      7205.00     0.678481
      7210.00     0.692684
      7215.00     0.700685
      7220.00     0.698819
      7225.00     0.693633
      7230.00     0.683762
      7235.00     0.674759
      7240.00     0.677593
      7245.00     0.680351
      7250.00     0.674394
      7255.00     0.673905
      7260.00     0.679230
      7265.00     0.674631
      7270.00     0.675436
      7275.00     0.665702
      7280.00     0.670077
      7285.00     0.665765
      7290.00     0.649720
      7295.00     0.664061
      7300.00     0.668958
      7305.00     0.663593
      7310.00     0.664704
      7315.00     0.664296
      7320.00     0.664496
      7325.00     0.665168
      7330.00     0.661023
      7335.00     0.662733
      7340.00     0.664608
      7345.00     0.661914
      7350.00     0.657627
      7355.00     0.656247
      7360.00     0.657798
      7365.00     0.657549
      7370.00     0.658071
      7375.00     0.654482
      7380.00     0.650462
      7385.00     0.634883
      7390.00     0.630723
      7395.00     0.637905
      7400.00     0.634788
      7405.00     0.627928
      7410.00     0.625617
      7415.00     0.633321
      7420.00     0.635964
      7425.00     0.654020
      7430.00     0.662718
      7435.00     0.664059
      7440.00     0.659141
      7445.00     0.649752
      7450.00     0.656296
      7455.00     0.662677
      7460.00     0.656225
      7465.00     0.656052
      7470.00     0.660279
      7475.00     0.657515
      7480.00     0.655463
      7485.00     0.656408
      7490.00     0.651398
      7495.00     0.644305
      7500.00     0.652526
      7505.00     0.649345
      7510.00     0.641155
      7515.00     0.646947
      7520.00     0.649051
      7525.00     0.643686
      7530.00     0.644153
      7535.00     0.648014
      7540.00     0.649335
      7545.00     0.644417
      7550.00     0.642568
      7555.00     0.641651
      7560.00     0.640734
      7565.00     0.639818
      7570.00     0.638901
      7575.00     0.637984
      7580.00     0.637067
      7585.00     0.636150
      7590.00     0.635234
      7595.00     0.634317
      7600.00     0.633400
      7605.00     0.632483
      7610.00     0.631567
      7615.00     0.630650
      7620.00     0.629733
      7625.00     0.628816
      7630.00     0.627900
      7635.00     0.626983
      7640.00     0.626066
      7645.00     0.625149
      7650.00     0.624232
      7655.00     0.623316
      7660.00     0.622399
      7665.00     0.621482
      7670.00     0.620565
      7675.00     0.619649
      7680.00     0.618732
      7685.00     0.617815
      7690.00     0.616898
      7695.00     0.615982
      7700.00     0.615065
      7705.00     0.614148
      7710.00     0.613231
      7715.00     0.612314
      7720.00     0.611398
      7725.00     0.610481
      7730.00     0.609564
      7735.00     0.613171
      7740.00     0.608385
      7745.00     0.597665
      7750.00     0.598234
      7755.00     0.606628
      7760.00     0.607664
      7765.00     0.608904
      7770.00     0.599128
      7775.00     0.590918
      7780.00     0.598112
      7785.00     0.602197
      7790.00     0.602238
      7795.00     0.600480
      7800.00     0.595796
      7805.00     0.597889
      7810.00     0.596761
      7815.00     0.601537
      7820.00     0.603356
      7825.00     0.600988
      7830.00     0.592585
      7835.00     0.589526
      7840.00     0.595684
      7845.00     0.595857
      7850.00     0.594424
      7855.00     0.594871
      7860.00     0.596680
      7865.00     0.594536
      7870.00     0.594017
      7875.00     0.590725
      7880.00     0.588276
      7885.00     0.590563
      7890.00     0.589292
      7895.00     0.585502
      7900.00     0.586681
      7905.00     0.588195
      7910.00     0.584720
      7915.00     0.579507
      7920.00     0.579456
      7925.00     0.579507
      7930.00     0.571033
      7935.00     0.570108
      7940.00     0.571256
      7945.00     0.568472
      7950.00     0.577749
      7955.00     0.581631
      7960.00     0.578044
      7965.00     0.578206
      7970.00     0.580107
      7975.00     0.581600
      7980.00     0.581814
      7985.00     0.580015
      7990.00     0.578867
      7995.00     0.571510
      8000.00     0.567557
      8005.00     0.573583
      8010.00     0.573329
      8015.00     0.575260
      8020.00     0.574650
      8025.00     0.567954
      8030.00     0.567588
      8035.00     0.572455
      8040.00     0.571226
      8045.00     0.561522
      8050.00     0.563066
      8055.00     0.570128
      8060.00     0.571642
      8065.00     0.571551
      8070.00     0.567405
      8075.00     0.567100
      8080.00     0.565241
      8085.00     0.561847
      8090.00     0.561390
      8095.00     0.557884
      8100.00     0.557483
      8105.00     0.557083
      8110.00     0.556682
      8115.00     0.556282
      8120.00     0.555881
      8125.00     0.555481
      8130.00     0.555080
      8135.00     0.554680
      8140.00     0.554279
      8145.00     0.553878
      8150.00     0.553478
      8155.00     0.553077
      8160.00     0.552677
      8165.00     0.552276
      8170.00     0.551876
      8175.00     0.551475
      8180.00     0.551075
      8185.00     0.550674
      8190.00     0.550273
      8195.00     0.549873
      8200.00     0.549472
      8205.00     0.549072
      8210.00     0.548671
      8215.00     0.548271
      8220.00     0.547870
      8225.00     0.547470
      8230.00     0.547069
      8235.00     0.546668
      8240.00     0.546268
      8245.00     0.545867
      8250.00     0.545467
      8255.00     0.545066
      8260.00     0.544666
      8265.00     0.544265
      8270.00     0.543865
      8275.00     0.543464
      8280.00     0.543064
      8285.00     0.542663
      8290.00     0.542262
      8295.00     0.541862
      8300.00     0.541461
      8305.00     0.541061
      8310.00     0.540660
      8315.00     0.540260
      8320.00     0.539859
      8325.00     0.539459
      8330.00     0.539058
      8335.00     0.538657
      8340.00     0.538257
      8345.00     0.537856
      8350.00     0.537456
      8355.00     0.537055
      8360.00     0.536655
      8365.00     0.536254
      8370.00     0.535854
      8375.00     0.535453
      8380.00     0.535053
      8385.00     0.534652
      8390.00     0.534251
      8395.00     0.533851
      8400.00     0.533450
      8405.00     0.533050
      8410.00     0.536820
      8415.00     0.536484
      8420.00     0.535997
      8425.00     0.534960
      8430.00     0.534615
      8435.00     0.528284
      8440.00     0.525368
      8445.00     0.525378
      8450.00     0.530032
      8455.00     0.533649
      8460.00     0.533192
      8465.00     0.525490
      8470.00     0.523397
      8475.00     0.528558
      8480.00     0.527634
      8485.00     0.526750
      8490.00     0.519728
      8495.00     0.478087
      8500.00     0.468211
      8505.00     0.510878
      8510.00     0.515339
      8515.00     0.511437
      8520.00     0.516213
      8525.00     0.513845
      8530.00     0.507464
      8535.00     0.472011
      8540.00     0.399317
      8545.00     0.419223
      8550.00     0.487233
      8555.00     0.499995
      8560.00     0.510156
      8565.00     0.513845
      8570.00     0.509984
      8575.00     0.510156
      8580.00     0.506620
      8585.00     0.504822
      8590.00     0.503785
      8595.00     0.495961
      8600.00     0.496510
      8605.00     0.500015
      8610.00     0.498542
      8615.00     0.498308
      8620.00     0.501032
      8625.00     0.503633
      8630.00     0.503389
      8635.00     0.500605
      8640.00     0.498908
      8645.00     0.491958
      8650.00     0.486247
      8655.00     0.465335
      8660.00     0.401187
      8665.00     0.416835
      8670.00     0.467814
      8675.00     0.479723
      8680.00     0.483371
      8685.00     0.482731
      8690.00     0.480232
      8695.00     0.487222
      8700.00     0.488035
      8705.00     0.489326
      8710.00     0.482873
      8715.00     0.481309
      8720.00     0.485089
      8725.00     0.484418
      8730.00     0.479104
      8735.00     0.474663
      8740.00     0.473190
      8745.00     0.470985
      8750.00     0.465640
      8755.00     0.482834
      8760.00     0.483084
      8765.00     0.483708
      8770.00     0.486827
      8775.00     0.489075
      8780.00     0.491202
      8785.00     0.488165
      8790.00     0.497818
      8795.00     0.472641
      8800.00     0.471487
      8805.00     0.463120
      8810.00     0.469952
      8815.00     0.480827
      8820.00     0.480812
      8825.00     0.480950
      8830.00     0.482081
      8835.00     0.480399
      8840.00     0.479012
      8845.00     0.480631
      8850.00     0.481462
      8855.00     0.480173
      8860.00     0.474380
      8865.00     0.473277
      8870.00     0.478770
      8875.00     0.481216
      8880.00     0.482097
      8885.00     0.482952
      8890.00     0.482401
      8895.00     0.482463
      8900.00     0.483997
      8905.00     0.484777
      8910.00     0.484340
      8915.00     0.485218
      8920.00     0.483220
      8925.00     0.475230
      8930.00     0.476462
      8935.00     0.471080
      8940.00     0.468343
      8945.00     0.469619
      8950.00     0.473714
      8955.00     0.478793
      8960.00     0.483022
      8965.00     0.484910
      8970.00     0.484346
      8975.00     0.481560
      8980.00     0.476785
      8985.00     0.470518
      8990.00     0.464325
      8995.00     0.460037
      9000.00     0.459489
      9005.00     0.463865
      9010.00     0.471776
      9015.00     0.481185
      9020.00     0.490056
      9025.00     0.496710
      9030.00     0.500898
      9035.00     0.502729
      9040.00     0.502311
      9045.00     0.499738
      9050.00     0.495036
      9055.00     0.488218
      9060.00     0.479295
      9065.00     0.468649
      9070.00     0.458132
      9075.00     0.449967
      9080.00     0.446376
      9085.00     0.448724
      9090.00     0.454961
      9095.00     0.462177
      9100.00     0.467464
      9105.00     0.468673
      9110.00     0.466681
      9115.00     0.463125
      9120.00     0.459640
      9125.00     0.457416
      9130.00     0.455857
      9135.00     0.453920
      9140.00     0.450564
      9145.00     0.445220
      9150.00     0.439223
      9155.00     0.434382
      9160.00     0.432507
      9165.00     0.434797
      9170.00     0.440008
      9175.00     0.446288
      9180.00     0.451783
      9185.00     0.455044
      9190.00     0.456235
      9195.00     0.455925
      9200.00     0.454684
      9205.00     0.453020
      9210.00     0.451208
      9215.00     0.449463
      9220.00     0.448002
      9225.00     0.446914
      9230.00     0.445785
      9235.00     0.444075
      9240.00     0.441246
      9245.00     0.437094
      9250.00     0.432767
      9255.00     0.429745
      9260.00     0.429514
      9265.00     0.432891
      9270.00     0.438045
      9275.00     0.442480
      9280.00     0.443700
      9285.00     0.439929
      9290.00     0.432264
      9295.00     0.422525
      9300.00     0.412529
      9305.00     0.404051
      9310.00     0.398681
      9315.00     0.397968
      9320.00     0.403458
      9325.00     0.415620
      9330.00     0.430611
      9335.00     0.443505
      9340.00     0.449381
      9345.00     0.444985
      9350.00     0.433744
      9355.00     0.420756
      9360.00     0.411116
      9365.00     0.408732
      9370.00     0.412752
      9375.00     0.421133
      9380.00     0.431832
      9385.00     0.442779
      9390.00     0.451787
      9395.00     0.456638
      9400.00     0.455117
      9405.00     0.445966
      9410.00     0.431758
      9415.00     0.416024
      9420.00     0.402296
      9425.00     0.393377
      9430.00     0.389158
      9435.00     0.388803
      9440.00     0.391476
      9445.00     0.396248
      9450.00     0.401829
      9455.00     0.406836
      9460.00     0.409888
      9465.00     0.410040
      9470.00     0.408100
      9475.00     0.405315
      9480.00     0.402932
      9485.00     0.401885
      9490.00     0.401871
      9495.00     0.402274
      9500.00     0.402480
      9505.00     0.402089
      9510.00     0.401561
      9515.00     0.401570
      9520.00     0.402792
      9525.00     0.405630
      9530.00     0.409399
      9535.00     0.413146
      9540.00     0.415913
      9545.00     0.417030
      9550.00     0.416961
      9555.00     0.416453
      9560.00     0.416255
      9565.00     0.416849
      9570.00     0.417658
      9575.00     0.417837
      9580.00     0.416544
      9585.00     0.413301
      9590.00     0.409094
      9595.00     0.405277
      9600.00     0.403201
      9605.00     0.403749
      9610.00     0.405931
      9615.00     0.408289
      9620.00     0.409362
      9625.00     0.408152
      9630.00     0.405505
      9635.00     0.402725
      9640.00     0.401120
      9645.00     0.401629
      9650.00     0.403723
      9655.00     0.406510
      9660.00     0.409094
      9665.00     0.410779
      9670.00     0.411650
      9675.00     0.411991
      9680.00     0.412084
      9685.00     0.412149
      9690.00     0.412158
      9695.00     0.412021
      9700.00     0.411648
      9705.00     0.410953
      9710.00     0.409876
      9715.00     0.408362
      9720.00     0.406357
      9725.00     0.403884
      9730.00     0.401286
      9735.00     0.398984
      9740.00     0.397399
      9745.00     0.396818
      9750.00     0.396988
      9755.00     0.397519
      9760.00     0.398025
      9765.00     0.398180
      9770.00     0.397904
      9775.00     0.397184
      9780.00     0.396003
      9785.00     0.394415
      9790.00     0.392746
      9795.00     0.391392
      9800.00     0.390748
      9805.00     0.391077
      9810.00     0.392113
      9815.00     0.393460
      9820.00     0.394720
      9825.00     0.395561
      9830.00     0.395918
      9835.00     0.395791
      9840.00     0.395180
      9845.00     0.394088
      9850.00     0.392525
      9855.00     0.390505
      9860.00     0.388040
      9865.00     0.385234
      9870.00     0.382554
      9875.00     0.380560
      9880.00     0.379810
      9885.00     0.380640
      9890.00     0.382492
      9895.00     0.384587
      9900.00     0.386145
      9905.00     0.386597
      9910.00     0.386211
      9915.00     0.385468
      9920.00     0.384848
      9925.00     0.384726
      9930.00     0.385059
      9935.00     0.385700
      9940.00     0.386502
      9945.00     0.387337
      9950.00     0.388152
      9955.00     0.388916
      9960.00     0.389597
      9965.00     0.390128
      9970.00     0.390306
      9975.00     0.389891
      9980.00     0.388646
      9985.00     0.386492
      9990.00     0.383989
      9995.00     0.381853