      2505.00      3.63550
      2510.00      3.58600
      2515.00      3.61036
      2520.00      3.62851
      2525.00      3.59075
      2530.00      3.53916
      2535.00      3.57579
      2540.00      3.53424
      2545.00      3.42731
      2550.00      3.54301
      2555.00      3.58121
      2560.00      3.57280
      2565.00      3.57898
      2570.00      3.66519
      2575.00      3.60707
      2580.00      3.17538
      2585.00      3.08324
      2590.00      3.44633
      2595.00      3.68355
      2600.00      3.59407
      2605.00      3.45659
      2610.00      3.51163
      2615.00      3.53339
      2620.00      3.53512
      2625.00      3.54669
      2630.00      3.43008
      2635.00      3.48544
      2640.00      3.59080
      2645.00      3.53333
      2650.00      3.55737
      2655.00      3.60185
      2660.00      3.52397
      2665.00      3.41552
      2670.00      3.33829
      2675.00      3.36361
      2680.00      3.40520
      2685.00      3.42051
      2690.00      3.39947
      2695.00      3.33529
      2700.00      3.31979
      2705.00      3.37472
      2710.00      3.25569
      2715.00      3.21839
      2720.00      3.25849
      2725.00      3.19919
      2730.00      3.24830
      2735.00      3.36132
      2740.00      3.33467
      2745.00      3.25204
      2750.00      3.19279
      2755.00      3.08413
      2760.00      3.11005
      2765.00      3.18684
      2770.00      3.17152
      2775.00      3.13015
      2780.00      3.16422
      2785.00      3.09323
      2790.00      3.09727
      2795.00      3.10715
      2800.00      2.92411
      2805.00      2.98078
      2810.00      3.05838
      2815.00      3.09941
      2820.00      3.22982
      2825.00      3.21787
      2830.00      3.04884
      2835.00      2.96774
      2840.00      2.98263
      2845.00      3.00097
      2850.00      3.08309
      2855.00      3.02986
      2860.00      2.98073
      2865.00      3.04855
      2870.00      3.05998
      2875.00      3.02161
      2880.00      3.02414
      2885.00      3.06202
      2890.00      3.05244
      2895.00      3.04628
      2900.00      3.06198
      2905.00      3.03488
      2910.00      3.04346
      2915.00      3.12386
      2920.00      3.13073
      2925.00      3.04593
      2930.00      2.98117
      2935.00      2.99225
      2940.00      2.96892
      2945.00      3.01624
      2950.00      2.97826
      2955.00      3.00963
      2960.00      3.08616
      2965.00      3.00987
      2970.00      2.93353
      2975.00      2.93800
      2980.00      2.97771
      2985.00      2.95739
      2990.00      2.91631
      2995.00      2.91315
      3000.00      2.89278
      3005.00      2.89456
      3010.00      2.95516
      3015.00      2.91946
      3020.00      2.85925
      3025.00      2.81448
      3030.00      2.79288
      3035.00      2.78480
      3040.00      2.74803
      3045.00      2.75606
      3050.00      2.75805
      3055.00      2.78674
      3060.00      2.74391
      3065.00      2.69684
      3070.00      2.69243
      3075.00      2.71703
      3080.00      2.75304
      3085.00      2.70869
      3090.00      2.75643
      3095.00      2.89877
      3100.00      2.89840
      3105.00      2.82232
      3110.00      2.76230
      3115.00      2.64220
      3120.00      2.58023
      3125.00      2.63842
      3130.00      2.76111
      3135.00      2.80232
      3140.00      2.81143
      3145.00      2.73232
      3150.00      2.74326
      3155.00      2.69631
      3160.00      2.59179
      3165.00      2.61185
      3170.00      2.67928
      3175.00      2.65703
      3180.00      2.58875
      3185.00      2.65630
      3190.00      2.75165
      3195.00      2.73376
      3200.00      2.58217
      3205.00      2.58768
      3210.00      2.62353
      3215.00      2.63728
      3220.00      2.63965
      3225.00      2.64963
      3230.00      2.65628
      3235.00      2.64637
      3240.00      2.62734
      3245.00      2.60830
      3250.00      2.58433
      3255.00      2.55123
      3260.00      2.52185
      3265.00      2.50785
      3270.00      2.49931
      3275.00      2.48343
      3280.00      2.45759
      3285.00      2.42551
      3290.00      2.40621
      3295.00      2.41267
      3300.00      2.41830
      3305.00      2.39858
      3310.00      2.37683
      3315.00      2.37863
      3320.00      2.39097
      3325.00      2.39582
      3330.00      2.39371
      3335.00      2.38919
      3340.00      2.38431
      3345.00      2.37937
      3350.00      2.37017
      3355.00      2.35445
      3360.00      2.34211
      3365.00      2.34240
      3370.00      2.34988
      3375.00      2.35626
      3380.00      2.35674
      3385.00      2.34936
      3390.00      2.34009
      3395.00      2.33433
      3400.00      2.32716
      3405.00      2.31313
      3410.00      2.29494
      3415.00      2.27631
      3420.00      2.25686
      3425.00      2.23705
      3430.00      2.22491
      3435.00      2.22569
      3440.00      2.22611
      3445.00      2.21409
      3450.00      2.20086
      3455.00      2.19841
      3460.00      2.19827
      3465.00      2.19033
      3470.00      2.17829
      3475.00      2.16778
      3480.00      2.15822
      3485.00      2.14866
      3490.00      2.14281
      3495.00      2.14316
      3500.00      2.14264
      3505.00      2.13430
      3510.00      2.12680
      3515.00      2.12463
      3520.00      2.12052
      3525.00      2.08978
      3530.00      2.09409
      3535.00      2.10605
      3540.00      2.10806
      3545.00      2.11370
      3550.00      2.10167
      3555.00      2.06298
      3560.00      2.04737
      3565.00      2.05228
      3570.00      2.03870
      3575.00      2.01852
      3580.00      1.99678
      3585.00      1.99840
      3590.00      2.00306
      3595.00      1.97358
      3600.00      1.99093
      3605.00      1.98994
      3610.00      1.97760
      3615.00      1.94684
      3620.00      1.96227
      3625.00      1.95370
      3630.00      1.91859
      3635.00      1.92235
      3640.00      1.94208
      3645.00      1.94771
      3650.00      1.94486
      3655.00      1.92899
      3660.00      1.93840
      3665.00      1.93257
      3670.00      1.90841
      3675.00      1.94118
      3680.00      1.91733
      3685.00      1.92255
      3690.00      1.91773
      3695.00      1.91200
      3700.00      1.91373
      3705.00      1.92101
      3710.00      1.91082
      3715.00      1.94120
      3720.00      1.93828
      3725.00      1.96587
      3730.00      2.09742
      3735.00      1.96521
      3740.00      2.21387
      3745.00      2.27985
      3750.00      1.95779
      3755.00      2.10362
      3760.00      2.37364
      3765.00      2.25835
      3770.00      1.98557
      3775.00      2.23800
      3780.00      2.63533
      3785.00      2.70043
      3790.00      2.57643
      3795.00      2.12379
      3800.00      2.08179
      3805.00      2.52175
      3810.00      2.78659
      3815.00      2.77558
      3820.00      2.66951
      3825.00      2.70892
      3830.00      2.44588
      3835.00      2.07275
      3840.00      2.40286
      3845.00      2.75230
      3850.00      2.87398
      3855.00      2.95178
      3860.00      2.95897
      3865.00      2.87649
      3870.00      2.78936
      3875.00      2.79020
      3880.00      2.61141
      3885.00      2.13819
      3890.00      1.98925
      3895.00      2.45240
      3900.00      2.77700
      3905.00      2.88762
      3910.00      2.92699
      3915.00      2.89879
      3920.00      2.83269
      3925.00      2.80714
      3930.00      2.77493
      3935.00      2.77876
      3940.00      2.84310
      3945.00      2.86839
      3950.00      2.81699
      3955.00      2.74546
      3960.00      2.58874
      3965.00      2.17679
      3970.00      1.90497
      3975.00      2.28436
      3980.00      2.64184
      3985.00      2.79122
      3990.00      2.79080
      3995.00      2.79568
      4000.00      2.79403
      4005.00      2.74075
      4010.00      2.71141
      4015.00      2.72309
      4020.00      2.65222
      4025.00      2.48223
      4030.00      2.55546
      4035.00      2.64525
      4040.00      2.66235
      4045.00      2.66298
      4050.00      2.65511
      4055.00      2.63896
      4060.00      2.63542
      4065.00      2.62451
      4070.00      2.58472
      4075.00      2.53432
      4080.00      2.53428
      4085.00      2.50417
      4090.00      2.42578
      4095.00      2.16686
      4100.00      1.79457
      4105.00      1.89445
      4110.00      2.27280
      4115.00      2.43133
      4120.00      2.46505
      4125.00      2.48654
      4130.00      2.49368
      4135.00      2.49956
      4140.00      2.42434
      4145.00      2.40322
      4150.00      2.50062
      4155.00      2.52876
      4160.00      2.52120
      4165.00      2.49421
      4170.00      2.48983
      4175.00      2.51049
      4180.00      2.50211
      4185.00      2.49882
      4190.00      2.48683
      4195.00      2.49114
      4200.00      2.48441
      4205.00      2.49609
      4210.00      2.49770
      4215.00      2.50621
      4220.00      2.48671
      4225.00      2.46782
      4230.00      2.46787
      4235.00      2.47315
      4240.00      2.46925
      4245.00      2.45956
      4250.00      2.43212
      4255.00      2.41065
      4260.00      2.39771
      4265.00      2.35459
      4270.00      2.36100
      4275.00      2.40042
      4280.00      2.39419
      4285.00      2.40526
      4290.00      2.40915
      4295.00      2.41685
      4300.00      2.38126
      4305.00      2.34431
      4310.00      2.32913
      4315.00      2.31987
      4320.00      2.28598
      4325.00      2.26293
      4330.00      2.16756
      4335.00      1.89944
      4340.00      1.61996
      4345.00      1.78554
      4350.00      2.07601
      4355.00      2.19868
      4360.00      2.23865
      4365.00      2.22615
      4370.00      2.22389
      4375.00      2.23117
      4380.00      2.22910
      4385.00      2.16321
      4390.00      2.11904
      4395.00      2.19701
      4400.00      2.20782
      4405.00      2.19291
      4410.00      2.18559
      4415.00      2.16387
      4420.00      2.12456
      4425.00      2.08714
      4430.00      2.05599
      4435.00      2.06598
      4440.00      2.07562
      4445.00      2.09034
      4450.00      2.11543
      4455.00      2.11049
      4460.00      2.09914
      4465.00      2.03868
      4470.00      1.91374
      4475.00      1.94552
      4480.00      2.00223
      4485.00      2.03841
      4490.00      2.04988
      4495.00      2.05646
      4500.00      2.05898
      4505.00      2.03377
      4510.00      2.01373
      4515.00      2.02944
      4520.00      2.06527
      4525.00      2.05067
      4530.00      1.99541
      4535.00      1.98974
      4540.00      1.99801
      4545.00      1.97319
      4550.00      1.95342
      4555.00      1.96629
      4560.00      1.97800
      4565.00      1.97167
      4570.00      1.95474
      4575.00      1.93684
      4580.00      1.94379
      4585.00      1.93545
      4590.00      1.93404
      4595.00      1.90919
      4600.00      1.89198
      4605.00      1.88174
      4610.00      1.89924
      4615.00      1.89116
      4620.00      1.88265
      4625.00      1.86948
      4630.00      1.84271
      4635.00      1.85201
      4640.00      1.86636
      4645.00      1.86523
      4650.00      1.86175
      4655.00      1.86934
      4660.00      1.85286
      4665.00      1.83118
      4670.00      1.81776
      4675.00      1.82382
      4680.00      1.81902
      4685.00      1.84501
      4690.00      1.83272
      4695.00      1.80866
      4700.00      1.80005
      4705.00      1.80061
      4710.00      1.78359
      4715.00      1.78081
      4720.00      1.76052
      4725.00      1.72483
      4730.00      1.72839
      4735.00      1.75171
      4740.00      1.74857
      4745.00      1.74892
      4750.00      1.73268
      4755.00      1.73070
      4760.00      1.71756
      4765.00      1.68472
      4770.00      1.67918
      4775.00      1.68202
      4780.00      1.67045
      4785.00      1.67367
      4790.00      1.67591
      4795.00      1.68103
      4800.00      1.66656
      4805.00      1.65816
      4810.00      1.64831
      4815.00      1.63785
      4820.00      1.62104
      4825.00      1.61605
      4830.00      1.63669
      4835.00      1.63819
      4840.00      1.63171
      4845.00      1.59668
      4850.00      1.54125
      4855.00      1.39360
      4860.00      1.19070
      4865.00      1.24052
      4870.00      1.40577
      4875.00      1.47040
      4880.00      1.49570
      4885.00      1.51914
      4890.00      1.54783
      4895.00      1.55709
      4900.00      1.54130
      4905.00      1.54149
      4910.00      1.56464
      4915.00      1.55530
      4920.00      1.49279
      4925.00      1.48692
      4930.00      1.54946
      4935.00      1.54996
      4940.00      1.54402
      4945.00      1.54825
      4950.00      1.55594
      4955.00      1.54575
      4960.00      1.52173
      4965.00      1.49145
      4970.00      1.49101
      4975.00      1.48183
      4980.00      1.46423
      4985.00      1.46768
      4990.00      1.47245
      4995.00      1.46527
      5000.00      1.46593
      5005.00      1.46585
      5010.00      1.43448
      5015.00      1.38619
      5020.00      1.39785
      5025.00      1.41791
      5030.00      1.42136
      5035.00      1.42120
      5040.00      1.41260
      5045.00      1.40964
      5050.00      1.38981
      5055.00      1.36621
      5060.00      1.38429
      5065.00      1.39020
      5070.00      1.37408
      5075.00      1.37364
      5080.00      1.37130
      5085.00      1.35861
      5090.00      1.34897
      5095.00      1.34145
      5100.00      1.33854
      5105.00      1.33882
      5110.00      1.33331
      5115.00      1.34447
      5120.00      1.34865
      5125.00      1.32991
      5130.00      1.32980
      5135.00      1.32808
      5140.00      1.32429
      5145.00      1.31470
      5150.00      1.30244
      5155.00      1.29488
      5160.00      1.31529
      5165.00      1.30345
      5170.00      1.29031
      5175.00      1.29244
      5180.00      1.29185
      5185.00      1.28637
      5190.00      1.27397
      5195.00      1.28167
      5200.00      1.27558
      5205.00      1.26877
      5210.00      1.26705
      5215.00      1.25863
      5220.00      1.26260
      5225.00      1.25285
      5230.00      1.24365
      5235.00      1.23910
      5240.00      1.21588
      5245.00      1.22258
      5250.00      1.20978
      5255.00      1.21758
      5260.00      1.23358
      5265.00      1.22334
      5270.00      1.21159
      5275.00      1.20327
      5280.00      1.19525
      5285.00      1.19385
      5290.00      1.19581
      5295.00      1.19045
      5300.00      1.17710
      5305.00      1.17952
      5310.00      1.18098
      5315.00      1.17750
      5320.00      1.16358
      5325.00      1.16308
      5330.00      1.16193
      5335.00      1.15661
      5340.00      1.14832
      5345.00      1.13942
      5350.00      1.14238
      5355.00      1.14949
      5360.00      1.12681
      5365.00      1.11850
      5370.00      1.12643
      5375.00      1.12876
      5380.00      1.12443
      5385.00      1.12050
      5390.00      1.11998
      5395.00      1.11269
      5400.00      1.11095
      5405.00      1.10851
      5410.00      1.10456
      5415.00      1.10078
      5420.00      1.09866
      5425.00      1.09104
      5430.00      1.07651
      5435.00      1.06961
      5440.00      1.07666
      5445.00      1.06930
      5450.00      1.06386
      5455.00      1.05296
      5460.00      1.04662
      5465.00      1.04873
      5470.00      1.04731
      5475.00      1.05773
      5480.00      1.04965
      5485.00      1.03394
      5490.00      1.03890
      5495.00      1.05056
      5500.00      1.04093
      5505.00      1.02343
      5510.00      1.01708
      5515.00      1.03576
      5520.00      1.03389
      5525.00      1.02212
      5530.00      1.00972
      5535.00      1.00553
      5540.00     0.998990
      5545.00      1.00371
      5550.00      1.00478
      5555.00      1.00040
      5560.00      1.00443
      5565.00     0.990038
      5570.00     0.973630
      5575.00     0.980667
      5580.00     0.987791
      5585.00     0.989140
      5590.00     0.989100
      5595.00     0.981173
      5600.00     0.976032
      5605.00     0.977360
      5610.00     0.974060
      5615.00     0.968243
      5620.00     0.965416
      5625.00     0.962075
      5630.00     0.955347
      5635.00     0.951059
      5640.00     0.948457
      5645.00     0.952386
      5650.00     0.950492
      5655.00     0.938729
      5660.00     0.924196
      5665.00     0.924451
      5670.00     0.926198
      5675.00     0.931125
      5680.00     0.920914
      5685.00     0.917517
      5690.00     0.920337
      5695.00     0.913572
      5700.00     0.905315
      5705.00     0.895367
      5710.00     0.901985
      5715.00     0.908995
      5720.00     0.898464
      5725.00     0.896702
      5730.00     0.902458
      5735.00     0.892734
      5740.00     0.882761
      5745.00     0.873145
      5750.00     0.871131
      5755.00     0.875919
      5760.00     0.886213
      5765.00     0.882311
      5770.00     0.872015
      5775.00     0.858753
      5780.00     0.834371
      5785.00     0.853810
      5790.00     0.859344
      5795.00     0.850747
      5800.00     0.849688
      5805.00     0.855658
      5810.00     0.854204
      5815.00     0.852680
      5820.00     0.857045
      5825.00     0.848886
      5830.00     0.842858
      5835.00     0.839947
      5840.00     0.842342
      5845.00     0.841299
      5850.00     0.839314
      5855.00     0.847338
      5860.00     0.852630
      5865.00     0.855326
      5870.00     0.833346
      5875.00     0.802912
      5880.00     0.823818
      5885.00     0.806615
      5890.00     0.748944
      5895.00     0.736264
      5900.00     0.772753
      5905.00     0.814750
      5910.00     0.818467
      5915.00     0.812558
      5920.00     0.816234
      5925.00     0.820840
      5930.00     0.812280
      5935.00     0.801848
      5940.00     0.795236
      5945.00     0.790239
      5950.00     0.788595
      5955.00     0.785400
      5960.00     0.780387
      5965.00     0.790461
      5970.00     0.787150
      5975.00     0.782441
      5980.00     0.778974
      5985.00     0.774082
      5990.00     0.774523
      5995.00     0.774065
      6000.00     0.774378
      6005.00     0.771324
      6010.00     0.771174
      6015.00     0.772687
      6020.00     0.765254
      6025.00     0.760574
      6030.00     0.761089
      6035.00     0.758062
      6040.00     0.752582
      6045.00     0.752282
      6050.00     0.750308
      6055.00     0.750442
      6060.00     0.749361
      6065.00     0.744976
      6070.00     0.744702
      6075.00     0.741673
      6080.00     0.745328
      6085.00     0.742636
      6090.00     0.741934
      6095.00     0.737517
      6100.00     0.736393
      6105.00     0.731566
      6110.00     0.730579
      6115.00     0.734528
      6120.00     0.733889
      6125.00     0.727378
      6130.00     0.724946
      6135.00     0.724397
      6140.00     0.715925
      6145.00     0.709687
      6150.00     0.710292
      6155.00     0.715899
      6160.00     0.713760
      6165.00     0.714279
      6170.00     0.710640
      6175.00     0.707061
      6180.00     0.700610
      6185.00     0.698995
      6190.00     0.698812
      6195.00     0.704322
      6200.00     0.694832
      6205.00     0.691052
      6210.00     0.692554
      6215.00     0.692908
      6220.00     0.692801
      6225.00     0.691115
      6230.00     0.689679
      6235.00     0.691188
      6240.00     0.685088
      6245.00     0.687742
      6250.00     0.694186
      6255.00     0.689778
      6260.00     0.683175
      6265.00     0.677112
      6270.00     0.672196
      6275.00     0.654709
      6280.00     0.634330
      6285.00     0.643917
      6290.00     0.655977
      6295.00     0.659670
      6300.00     0.652460
      6305.00     0.648482
      6310.00     0.653010
      6315.00     0.651784
      6320.00     0.657584
      6325.00     0.657326
      6330.00     0.653755
      6335.00     0.649339
      6340.00     0.643660
      6345.00     0.630587
      6350.00     0.633476
      6355.00     0.640127
      6360.00     0.636645
      6365.00     0.635810
      6370.00     0.631283
      6375.00     0.628927
      6380.00     0.629121
      6385.00     0.626284
      6390.00     0.628061
      6395.00     0.626624
      6400.00     0.622724
      6405.00     0.622589
      6410.00     0.625051
      6415.00     0.627256
      6420.00     0.626455
      6425.00     0.625874
      6430.00     0.620347
      6435.00     0.616753
      6440.00     0.616089
      6445.00     0.607675
      6450.00     0.606302
      6455.00     0.609134
      6460.00     0.607438
      6465.00     0.608448
      6470.00     0.605393
      6475.00     0.602110
      6480.00     0.599713
      6485.00     0.592544
      6490.00     0.584351
      6495.00     0.588420
      6500.00     0.596926
      6505.00     0.594146
      6510.00     0.595705
      6515.00     0.589839
      6520.00     0.587278
      6525.00     0.585823
      6530.00     0.585643
      6535.00     0.585698
      6540.00     0.583143
      6545.00     0.572040
      6550.00     0.554977
      6555.00     0.525631
      6560.00     0.479842
      6565.00     0.471153
      6570.00     0.514554
      6575.00     0.551275
      6580.00     0.567650
      6585.00     0.568106
      6590.00     0.571114
      6595.00     0.570683
      6600.00     0.566873
      6605.00     0.568848
      6610.00     0.569694
      6615.00     0.573114
      6620.00     0.574515
      6625.00     0.576036
      6630.00     0.570397
      6635.00     0.561182
      6640.00     0.559355
      6645.00     0.557529
      6650.00     0.560233
      6655.00     0.553622
      6660.00     0.548122
      6665.00     0.540336
      6670.00     0.541879
      6675.00     0.537370
      6680.00     0.538401
      6685.00     0.546223
      6690.00     0.544093
      6695.00     0.543440
      6700.00     0.540421
      6705.00     0.538167
      6710.00     0.533918
      6715.00     0.531088
      6720.00     0.534627
      6725.00     0.530054
      6730.00     0.529917
      6735.00     0.526937
      6740.00     0.527198
      6745.00     0.532536
      6750.00     0.525653
      6755.00     0.526451
      6760.00     0.528831
      6765.00     0.530558
      6770.00     0.525315
      6775.00     0.521204
      6780.00     0.519809
      6785.00     0.518876
      6790.00     0.518341
      6795.00     0.521266
      6800.00     0.517766
      6805.00     0.515383
      6810.00     0.511791
      6815.00     0.507075
      6820.00     0.506663
      6825.00     0.511454
      6830.00     0.512850
      6835.00     0.509887
      6840.00     0.509413
      6845.00     0.508191
      6850.00     0.506925
      6855.00     0.505637
      6860.00     0.504418
      6865.00     0.503243
      6870.00     0.501947
      6875.00     0.500767
      6880.00     0.499629
      6885.00     0.498464
      6890.00     0.497282
      6895.00     0.496182
      6900.00     0.495135
      6905.00     0.494096
      6910.00     0.493069
      6915.00     0.492034
      6920.00     0.491030
      6925.00     0.490051
      6930.00     0.489143
      6935.00     0.488250
      6940.00     0.487383
      6945.00     0.486480
      6950.00     0.485534
      6955.00     0.484587
      6960.00     0.483660
      6965.00     0.482759
      6970.00     0.481755
      6975.00     0.484278
      6980.00     0.480928
      6985.00     0.472399
      6990.00     0.465451
      6995.00     0.468563
      7000.00     0.468952
      7005.00     0.467277
      7010.00     0.467120
      7015.00     0.468304
      7020.00     0.466684
      7025.00     0.462839
      7030.00     0.466269
      7035.00     0.469943
      7040.00     0.465982
      7045.00     0.466666
      7050.00     0.465656
      7055.00     0.466552
      7060.00     0.464681
      7065.00     0.456397
      7070.00     0.462289
      7075.00     0.459730
      7080.00     0.461439
      7085.00     0.464254
      7090.00     0.459974
      7095.00     0.457052
      7100.00     0.454768
      7105.00     0.454458
      7110.00     0.456295
      7115.00     0.457100
      7120.00     0.462318
      7125.00     0.465558
      7130.00     0.466916
      7135.00     0.464477
      7140.00     0.456204
      7145.00     0.454671
      7150.00     0.457053
      7155.00     0.458617
      7160.00     0.454429
      7165.00     0.440695
      7170.00     0.429082
      7175.00     0.419694
      7180.00     0.416517
      7185.00     0.410714
      7190.00     0.422479
      7195.00     0.427199
      7200.00     0.419579
      7205.00     0.423816
      7210.00     0.437389
      7215.00     0.445287
      7220.00     0.449780
      7225.00     0.443517
      7230.00     0.436042
      7235.00     0.420773
      7240.00     0.427577
      7245.00     0.432557
      7250.00     0.432595
      7255.00     0.424722
      7260.00     0.422184
      7265.00     0.419118
      7270.00     0.421730
      7275.00     0.407812
      7280.00     0.415895
      7285.00     0.421120
      7290.00     0.408197
      7295.00     0.415670
      7300.00     0.421284
      7305.00     0.416511
      7310.00     0.416782
      7315.00     0.416958
      7320.00     0.418794
      7325.00     0.418538
      7330.00     0.416658
      7335.00     0.418680
      7340.00     0.418643
      7345.00     0.408610
      7350.00     0.402854
      7355.00     0.410100
      7360.00     0.408787
      7365.00     0.403326
      7370.00     0.404815
      7375.00     0.405228
      7380.00     0.401735
      7385.00     0.400916
      7390.00     0.401878
      7395.00     0.400234
      7400.00     0.396423
      7405.00     0.395382
      7410.00     0.390580
      7415.00     0.396236
      7420.00     0.405019
      7425.00     0.399477
      7430.00     0.398758
      7435.00     0.398107
      7440.00     0.396047
      7445.00     0.395467
      7450.00     0.395275
      7455.00     0.395384
      7460.00     0.393863
      7465.00     0.392339
      7470.00     0.391246
      7475.00     0.391329
      7480.00     0.391260
      7485.00     0.388395
      7490.00     0.386994
      7495.00     0.387574
      7500.00     0.387418
      7505.00     0.385893
      7510.00     0.384558
      7515.00     0.384742
      7520.00     0.385011
      7525.00     0.383139
      7530.00     0.381576
      7535.00     0.380892
      7540.00     0.379858
      7545.00     0.378926
      7550.00     0.378442
      7555.00     0.377591
      7560.00     0.376832
      7565.00     0.376090
      7570.00     0.375326
      7575.00     0.374539
      7580.00     0.373803
      7585.00     0.373097
      7590.00     0.372346
      7595.00     0.371571
      7600.00     0.370799
      7605.00     0.370014
      7610.00     0.369225
      7615.00     0.368446
      7620.00     0.367666
      7625.00     0.366886
      7630.00     0.366106
      7635.00     0.365327
      7640.00     0.364549
      7645.00     0.363773
      7650.00     0.362999
      7655.00     0.362227
      7660.00     0.361457
      7665.00     0.360688
      7670.00     0.359931
      7675.00     0.359182
      7680.00     0.358418
      7685.00     0.357663
      7690.00     0.356919
      7695.00     0.356157
      7700.00     0.355438
      7705.00     0.354775
      7710.00     0.354388
      7715.00     0.354191
      7720.00     0.353708
      7725.00     0.353034
      7730.00     0.351986
      7735.00     0.351230
      7740.00     0.350862
      7745.00     0.349844
      7750.00     0.348914
      7755.00     0.348677
      7760.00     0.346683
      7765.00     0.344631
      7770.00     0.336213
      7775.00     0.332413
      7780.00     0.339111
      7785.00     0.343401
      7790.00     0.342269
      7795.00     0.341531
      7800.00     0.341545
      7805.00     0.340943
      7810.00     0.340292
      7815.00     0.338702
      7820.00     0.339124
      7825.00     0.338022
      7830.00     0.337171
      7835.00     0.335437
      7840.00     0.334364
      7845.00     0.334053
      7850.00     0.333665
      7855.00     0.332095
      7860.00     0.333005
      7865.00     0.329916
      7870.00     0.331328
      7875.00     0.328596
      7880.00     0.326641
      7885.00     0.328906
      7890.00     0.326925
      7895.00     0.324293
      7900.00     0.323496
      7905.00     0.325867
      7910.00     0.325667
      7915.00     0.325529
      7920.00     0.323714
      7925.00     0.321988
      7930.00     0.322026
      7935.00     0.322436
      7940.00     0.322464
      7945.00     0.319923
      7950.00     0.316555
      7955.00     0.317706
      7960.00     0.318166
      7965.00     0.317095
      7970.00     0.316767
      7975.00     0.316683
      7980.00     0.316060
      7985.00     0.315684
      7990.00     0.314643
      7995.00     0.314853
      8000.00     0.312677
      8005.00     0.313125
      8010.00     0.311113
      8015.00     0.310718
      8020.00     0.309787
      8025.00     0.309113
      8030.00     0.309364
      8035.00     0.309132
      8040.00     0.307943
      8045.00     0.306791
      8050.00     0.307303
      8055.00     0.307165
      8060.00     0.304955
      8065.00     0.305486
      8070.00     0.304560
      8075.00     0.303833
      8080.00     0.303214
      8085.00     0.304284
      8090.00     0.304742
      8095.00     0.303972
      8100.00     0.302761
      8105.00     0.303816
      8110.00     0.302489
      8115.00     0.300897
      8120.00     0.301293
      8125.00     0.300925
      8130.00     0.299364
      8135.00     0.296152
      8140.00     0.297359
      8145.00     0.292956
      8150.00     0.288458
      8155.00     0.288184
      8160.00     0.284329
      8165.00     0.281781
      8170.00     0.287834
      8175.00     0.286378
      8180.00     0.287311
      8185.00     0.288827
      8190.00     0.289392
      8195.00     0.288265
      8200.00     0.288888
      8205.00     0.294126
      8210.00     0.293755
      8215.00     0.290711
      8220.00     0.286974
      8225.00     0.276296
      8230.00     0.267542
      8235.00     0.278953
      8240.00     0.285790
      8245.00     0.284937
      8250.00     0.287787
      8255.00     0.283965
      8260.00     0.283965
      8265.00     0.284738
      8270.00     0.281111
      8275.00     0.276320
      8280.00     0.275673
      8285.00     0.276897
      8290.00     0.274004
      8295.00     0.275511
      8300.00     0.275317
      8305.00     0.274383
      8310.00     0.274721
      8315.00     0.274329
      8320.00     0.269959
      8325.00     0.273166
      8330.00     0.272445
      8335.00     0.272770
      8340.00     0.271140
      8345.00     0.271128
      8350.00     0.271613
      8355.00     0.270437
      8360.00     0.270013
      8365.00     0.269615
      8370.00     0.267717
      8375.00     0.266865
      8380.00     0.264412
      8385.00     0.267520
      8390.00     0.265132
      8395.00     0.264415
      8400.00     0.267030
      8405.00     0.265140
      8410.00     0.262432
      8415.00     0.260229
      8420.00     0.264244
      8425.00     0.263945
      8430.00     0.259417
      8435.00     0.257203
      8440.00     0.254359
      8445.00     0.253666
      8450.00     0.257425
      8455.00     0.258194
      8460.00     0.255653
      8465.00     0.249694
      8470.00     0.251091
      8475.00     0.252877
      8480.00     0.257345
      8485.00     0.259008
      8490.00     0.258145
      8495.00     0.249459
      8500.00     0.239333
      8505.00     0.237839
      8510.00     0.245546
      8515.00     0.250397
      8520.00     0.254518
      8525.00     0.252323
      8530.00     0.251345
      8535.00     0.246327
      8540.00     0.235071
      8545.00     0.226268
      8550.00     0.231931
      8555.00     0.244208
      8560.00     0.250818
      8565.00     0.254910
      8570.00     0.253765
      8575.00     0.254614
      8580.00     0.249785
      8585.00     0.243336
      8590.00     0.232185
      8595.00     0.219921
      8600.00     0.217098
      8605.00     0.227956
      8610.00     0.240239
      8615.00     0.249859
      8620.00     0.253272
      8625.00     0.256608
      8630.00     0.257322
      8635.00     0.258452
      8640.00     0.254396
      8645.00     0.252024
      8650.00     0.243583
      8655.00     0.233333
      8660.00     0.216241
      8665.00     0.203371
      8670.00     0.210399
      8675.00     0.224808
      8680.00     0.234899
      8685.00     0.243470
      8690.00     0.250671
      8695.00     0.255063
      8700.00     0.258534
      8705.00     0.261417
      8710.00     0.258891
      8715.00     0.258664
      8720.00     0.257186
      8725.00     0.250256
      8730.00     0.244064
      8735.00     0.234800
      8740.00     0.221392
      8745.00     0.206552
      8750.00     0.194195
      8755.00     0.198646
      8760.00     0.215147
      8765.00     0.226884
      8770.00     0.234159
      8775.00     0.237660
      8780.00     0.239534
      8785.00     0.240939
      8790.00     0.241763
      8795.00     0.242535
      8800.00     0.241928
      8805.00     0.243200
      8810.00     0.241213
      8815.00     0.239660
      8820.00     0.236556
      8825.00     0.232809
      8830.00     0.231855
      8835.00     0.228473
      8840.00     0.223439
      8845.00     0.218723
      8850.00     0.208893
      8855.00     0.193919
      8860.00     0.179278
      8865.00     0.176379
      8870.00     0.190698
      8875.00     0.205379
      8880.00     0.214690
      8885.00     0.221600
      8890.00     0.225753
      8895.00     0.228563
      8900.00     0.229456
      8905.00     0.232755
      8910.00     0.233003
      8915.00     0.232260
      8920.00     0.231327
      8925.00     0.230076
      8930.00     0.228082
      8935.00     0.229459
      8940.00     0.226600
      8945.00     0.224804
      8950.00     0.223735
      8955.00     0.223922
      8960.00     0.226318
      8965.00     0.219792
      8970.00     0.219956
      8975.00     0.221495
      8980.00     0.218820
      8985.00     0.210640
      8990.00     0.200230
      8995.00     0.203649
      9000.00     0.197021
      9005.00     0.184255
      9010.00     0.172098
      9015.00     0.160421
      9020.00     0.170597
      9025.00     0.187219
      9030.00     0.203468
      9035.00     0.212042
      9040.00     0.216948
      9045.00     0.221220
      9050.00     0.222251
      9055.00     0.221757
      9060.00     0.220048
      9065.00     0.217850
      9070.00     0.213337
      9075.00     0.213358
      9080.00     0.212557
      9085.00     0.210863
      9090.00     0.211300
      9095.00     0.213191
      9100.00     0.212129
      9105.00     0.214125
      9110.00     0.215541
      9115.00     0.217034
      9120.00     0.216250
      9125.00     0.217224
      9130.00     0.210222
      9135.00     0.206677
      9140.00     0.212275
      9145.00     0.213062
      9150.00     0.206763
      9155.00     0.201522
      9160.00     0.207859
      9165.00     0.210635
      9170.00     0.209417
      9175.00     0.204624
      9180.00     0.208587
      9185.00     0.209042
      9190.00     0.209140
      9195.00     0.207094
      9200.00     0.205049
      9205.00     0.203448
      9210.00     0.196746
      9215.00     0.186467
      9220.00     0.177437
      9225.00     0.164998
      9230.00     0.155512
      9235.00     0.164680
      9240.00     0.179657
      9245.00     0.186718
      9250.00     0.193442
      9255.00     0.199973
      9260.00     0.200647
      9265.00     0.202966
      9270.00     0.206713
      9275.00     0.208679
      9280.00     0.207723
      9285.00     0.208945
      9290.00     0.208691
      9295.00     0.204936
      9300.00     0.199577
      9305.00     0.202224
      9310.00     0.198984
      9315.00     0.192293
      9320.00     0.191193
      9325.00     0.192944
      9330.00     0.196299
      9335.00     0.193320
      9340.00     0.191254
      9345.00     0.189113
      9350.00     0.199051
      9355.00     0.191038
      9360.00     0.194048
      9365.00     0.198748
      9370.00     0.194421
      9375.00     0.201215
      9380.00     0.202649
      9385.00     0.210851
      9390.00     0.218646
      9395.00     0.222973
      9400.00     0.218826
      9405.00     0.214262
      9410.00     0.207510
      9415.00     0.203074
      9420.00     0.195059
      9425.00     0.190107
      9430.00     0.184689
      9435.00     0.190274
      9440.00     0.182950
      9445.00     0.187494
      9450.00     0.196541
      9455.00     0.190203
      9460.00     0.188016
      9465.00     0.193673
      9470.00     0.198155
      9475.00     0.197311
      9480.00     0.194555
      9485.00     0.195681
      9490.00     0.194803
      9495.00     0.184679
      9500.00     0.181830
      9505.00     0.183296
      9510.00     0.191587
      9515.00     0.183205
      9520.00     0.175021
      9525.00     0.173137
      9530.00     0.172509
      9535.00     0.170597
      9540.00     0.161373
      9545.00     0.152715
      9550.00     0.160680
      9555.00     0.161611
      9560.00     0.172375
      9565.00     0.174768
      9570.00     0.182572
      9575.00     0.189995
      9580.00     0.185962
      9585.00     0.187666
      9590.00     0.183765
      9595.00     0.184416
      9600.00     0.186921
      9605.00     0.186988
      9610.00     0.185070
      9615.00     0.181001
      9620.00     0.183218
      9625.00     0.179705
      9630.00     0.179150
      9635.00     0.180332
      9640.00     0.182017
      9645.00     0.183912
      9650.00     0.184544
      9655.00     0.185064
      9660.00     0.183989
      9665.00     0.182767
      9670.00     0.183918
      9675.00     0.184888
      9680.00     0.182179
      9685.00     0.182014
      9690.00     0.182622
      9695.00     0.182794
      9700.00     0.179981
      9705.00     0.181069
      9710.00     0.182877
      9715.00     0.179638
      9720.00     0.179349
      9725.00     0.183788
      9730.00     0.180271
      9735.00     0.176059
      9740.00     0.176378
      9745.00     0.176815
      9750.00     0.175573
      9755.00     0.171565
      9760.00     0.172309
      9765.00     0.174212
      9770.00     0.172395
      9775.00     0.171350
      9780.00     0.174249
      9785.00     0.170467
      9790.00     0.169762
      9795.00     0.172690
      9800.00     0.171976
      9805.00     0.168420
      9810.00     0.174454
      9815.00     0.173183
      9820.00     0.172139
      9825.00     0.168675
      9830.00     0.172182
      9835.00     0.171455
      9840.00     0.171252
      9845.00     0.171568
      9850.00     0.171467
      9855.00     0.170704
      9860.00     0.170086
      9865.00     0.173084
      9870.00     0.168528
      9875.00     0.167429
      9880.00     0.172691
      9885.00     0.169089
      9890.00     0.167507
      9895.00     0.166807
      9900.00     0.167239
      9905.00     0.164889
      9910.00     0.165230
      9915.00     0.163416
      9920.00     0.161794
      9925.00     0.162330
      9930.00     0.163672
      9935.00     0.161623
      9940.00     0.158312
      9945.00     0.162189
      9950.00     0.164446
      9955.00     0.166778
      9960.00     0.158862
      9965.00     0.160925
      9970.00     0.158014
      9975.00     0.155360
      9980.00     0.155625
      9985.00     0.156370
      9990.00     0.155435
      9995.00     0.155354
